3729678
3729679
3729680
3729681
3729682
3729683
3729684
3729685
3729686
3729687
3729688
3729689
3729690
3729691
3729692
3729693
3729694
3729695
3729696
3729697
3729698
3729699
3729700
3729701
3729702
3729703
3729704
3729705
3729706
3729707
3729708
3729709
3729710
3729711
3729712
3729713
3729714
3729715
3729716
3729717
3729718
3729719
3729720
3729721
3729722
3729723
3729724
3729725
3729726
3729727
3729728
3729729
3729730
3729731
3729732
3729733
3729734
3729735
3729736
3729737
3729738
3729739
3729740
3729741
3729742
3729743
3729744
3729745
3729746
3729747
3729748
3729749
3729750
3729751
3729752
3729753
3729754
3729755
3729756
3729757
3729758
3729759
3729760
3729761
3729762
3729763
3729764
3729765
3729766
3729767
3729768
3729769
3729770
3729771
3729772
3729773
3729774
3729775
3729776
3729777
3729778
3729779
3729780
3729781
3729782
3729783
3729784
3729785
3729786
3729787
3729788
3729789
3729790
3729791
3729792
3729793
3729794
3729795
3729796
3729797
3729798
3729799
3729800
3729801
3729802
3729803
3729804
3729805
3729806
3729807
3729808
3729809
3729810
3729811
3729812
3729813
3729814
3729815
3729816
3729817
3729818
3729819
3729820
3729821
3729822
3729823
3729824
3729825
3729826
3729827
3729828
3729829
3729830
3729831
3729832
3729833
3729834
3729835
3729836
3729837
3729838
3729839
3729840
3729841
3729842
3729843
3729844
3729845
3729846
3729847
3729848
3729849
3729850
3729851
3729852
3729853
3729854
3729855
3729856
3729857
3729858
3729859
3729860
3729861
3729862
3729863
3729864
3729865
3729866
3729867
3729868
3729869
3729870
3729871
3729872
3729873
3729874
3729875
3729876
3729877
3729878
3729879
3729880
3729881
3729882
3729883
3729884
3729885
3729886
3729887
3729888
3729889
3729890
3729891
3729892
3729893
3729894
3729895
3729896
3729897
3729898
3729899
3729900
3729901
3729902
3729903
3729904
3729905
3729906
3729907
3729908
3729909
3729910
3729911
3729912
3729913
3729914
3729915
3729916
3729917
3729918
3729919
3729920
3729921
3729922
3729923
3729924
3729925
3729926
3729927
3729928
3729929
3729930
3729931
3729932
3729933
3729934
3729935
3729936
3729937
3729938
3729939
3729940
3729941
3729942
3729943
3729944
3729945
3729946
3729947
3729948
3729949
3729950
3729951
3729952
3729953
3729954
3729955
3729956
3729957
3729958
3729959
3729960
3729961
3729962
3729963
3729964
3729965
3729966
3729967
3729968
3729969
3729970
3729971
3729972
3729973
3729974
3729975
3729976
3729977
3729978
3729979
3729980
3729981
3729982
3729983
3729984
3729985
3729986
3729987
3729988
3729989
3729990
3729991
3729992
3729993
3729994
3729995
3729996
3729997
3729998
3729999
3730000
3730001
3730002
3730003
3730004
3730005
3730006
3730007
3730008
3730009
3730010
3730011
3730012
3730013
3730014
3730015
3730016
3730017
3730018
3730019
3730020
3730021
3730022
3730023
3730024
3730025
3730026
3730027
3730028
3730029
3730030
3730031
3730032
3730033
3730034
3730035
3730036
3730037
3730038
3730039
3730040
3730041
3730042
3730043
3730044
3730045
3730046
3730047
3730048
3730049
3730050
3730051
3730052
3730053
3730054
3730055
3730056
3730057
3730058
3730059
3730060
3730061
3730062
3730063
3730064
3730065
3730066
3730067
3730068
3730069
3730070
3730071
3730072
3730073
3730074
3730075
3730076
3730077
3730078
3730079
3730080
3730081
3730082
3730083
3730084
3730085
3730086
3730087
3730088
3730089
3730090
3730091
3730092
3730093
3730094
3730095
3730096
3730097
3730098
3730099
3730100
3730101
3730102
3730103
3730104
3730105
3730106
3730107
3730108
3730109
3730110
3730111
3730112
3730113
3730114
3730115
3730116
3730117
3730118
3730119
3730120
3730121
3730122
3730123
3730124
3730125
3730126
3730127
3730128
3730129
3730130
3730131
3730132
3730133
3730134
3730135
3730136
3730137
3730138
3730139
3730140
3730141
3730142
3730143
3730144
3730145
3730146
3730147
3730148
3730149
3730150
3730151
3730152
3730153
3730154
3730155
3730156
3730157
3730158
3730159
3730160
3730161
3730162
3730163
3730164
3730165
3730166
3730167
3730168
3730169
3730170
3730171
3730172
3730173
3730174
3730175
3730176
3730177
3730178
3730179
3730180
3730181
3730182
3730183
3730184
3730185
3730186
3730187
3730188
3730189
3730190
3730191
3730192
3730193
3730194
3730195
3730196
3730197
3730198
3730199
3730200
3730201
3730202
3730203
3730204
3730205
3730206
3730207
3730208
3730209
3730210
3730211
3730212
3730213
3730214
3730215
3730216
3730217
3730218
3730219
3730220
3730221
3730222
3730223
3730224
3730225
3730226
3730227
3730228
3730229
3730230
3730231
3730232
3730233
3730234
3730235
3730236
3730237
3730238
3730239
3730240
3730241
3730242
3730243
3730244
3730245
3730246
3730247
3730248
3730249
3730250
3730251
3730252
3730253
3730254
3730255
3730256
3730257
3730258
3730259
3730260
3730261
3730262
3730263
3730264
3730265
3730266
3730267
3730268
3730269
3730270
3730271
3730272
3730273
3730274
3730275
3730276
3730277
3730278
3730279
3730280
3730281
3730282
3730283
3730284
3730285
3730286
3730287
3730288
3730289
3730290
3730291
3730292
3730293
3730294
3730295
3730296
3730297
3730298
3730299
3730300
3730301
3730302
3730303
3730304
3730305
3730306
3730307
3730308
3730309
3730310
3730311