# kepid, srad, smass, nplanets
1432789,1.220,1.035,2
1717722,0.688,0.769,2
1718189,0.876,0.970,2
1724719,1.318,1.109,2
1871056,2.097,1.472,2
1996180,1.263,1.066,2
2161949,1.115,0.959,2
2165002,0.716,0.749,2
2302548,0.780,0.816,2
2305866,2.517,1.502,2
2307415,1.277,1.094,2
2438264,0.797,0.829,2
2581316,1.167,1.210,2
2715695,0.742,0.759,2
2716801,0.914,1.006,2
2832589,0.778,0.869,2
2854181,1.016,0.921,2
2854698,0.849,0.821,2
2854914,1.225,1.059,2
2989404,1.081,0.998,2
3128552,1.116,0.924,3
3217264,0.940,0.934,3
3218908,4.885,1.808,3
3229150,0.938,1.028,2
3230805,0.686,0.759,2
3231341,1.240,0.884,4
3234598,0.722,0.712,2
3234843,0.877,0.973,2
3239945,0.692,0.776,3
3240158,1.176,1.140,3
3247268,1.081,0.957,2
3326377,0.800,0.825,2
3338885,1.667,0.951,2
3342794,1.314,0.998,2
3342970,1.076,1.169,2
3348082,1.548,1.019,2
3447722,1.330,1.080,3
3529290,0.947,0.925,2
3541946,0.927,0.935,3
3548044,0.950,0.802,3
3554031,0.554,0.590,2
3561464,3.955,1.801,2
3632089,0.928,0.773,2
3640905,3.051,1.414,2
3642289,1.360,1.257,2
3645438,0.834,0.818,3
3656121,1.155,1.015,2
3657758,0.868,0.963,2
3661886,1.184,1.027,2
3745690,1.014,0.918,3
3747817,0.801,0.861,2
3758499,1.885,1.141,2
3765917,1.328,1.046,2
3832474,0.867,0.986,2
3867615,1.260,1.098,2
3937519,1.087,0.888,2
3937814,0.995,0.862,2
3939150,1.857,1.179,2
3942670,1.420,1.108,2
3962243,0.974,1.037,3
3967760,1.004,0.865,2
4077526,1.083,1.017,4
4139816,0.493,0.502,4
4141593,1.177,0.926,2
4142847,0.759,0.817,2
4157325,1.022,0.949,3
4164922,0.756,0.756,2
4173026,0.981,0.936,2
4249725,0.571,0.591,2
4263293,0.524,0.537,2
4270253,1.198,0.945,2
4275721,0.969,0.868,2
4349452,1.258,1.097,2
4385148,0.837,0.928,2
4455231,1.522,1.040,3
4458082,1.347,1.336,2
4466677,0.960,0.899,3
4472818,0.986,1.032,2
4478168,1.191,1.009,2
4545187,0.708,0.785,2
4548011,1.227,1.036,3
4548098,1.122,1.213,2
4563268,0.912,1.004,2
4633570,0.668,0.656,2
4636578,1.465,1.111,3
4644952,0.880,0.875,3
4645174,1.601,1.114,2
4665571,0.788,0.765,2
4725681,0.524,0.536,2
4735826,1.376,1.039,2
4736569,0.561,0.561,2
4741126,1.299,1.157,2
4757437,1.223,1.113,2
4770174,1.467,1.325,2
4770365,0.603,0.609,3
4770617,1.471,1.250,3
4831728,1.174,0.915,2
4832837,0.557,0.575,2
4833421,1.191,0.995,5
4852528,0.567,0.584,5
4860678,1.616,1.035,2
4914423,1.433,1.068,2
4939346,1.069,1.161,2
5003670,1.006,1.003,3
5031857,0.921,1.003,2
5080636,0.522,0.555,2
5088536,1.137,0.950,3
5094751,1.302,1.009,2
5113822,0.882,0.980,2
5175024,1.121,1.046,2
5184911,0.823,0.796,2
5185897,0.635,0.698,3
5202905,1.846,1.421,2
5211199,2.506,1.330,2
5219234,0.787,0.823,4
5252423,0.732,0.733,2
5272233,1.111,1.004,2
5289854,0.914,1.000,2
5299459,0.987,0.947,2
5301750,1.131,0.987,5
5351250,0.914,0.899,4
5358241,1.053,1.026,3
5364071,0.539,0.541,4
5371776,0.691,0.760,4
5374854,1.265,0.997,2
5384079,1.402,1.259,2
5384713,0.529,0.536,2
5436502,1.384,1.083,5
5438099,0.721,0.774,4
5438757,1.080,0.926,2
5456651,0.756,0.849,2
5474613,0.972,1.020,2
5480640,1.152,0.902,3
5511081,1.693,1.086,4
5511659,1.111,0.937,2
5531576,0.779,0.759,2
5531694,1.409,0.963,2
5531953,0.420,0.450,3
5542466,0.812,0.781,3
5544450,1.574,1.343,2
5602588,0.969,1.048,2
5613330,1.524,1.330,2
5621333,1.352,1.038,2
5629353,1.651,1.352,3
5689351,0.760,0.806,5
5695396,1.016,0.978,2
5706595,0.954,0.955,2
5706966,0.598,0.609,2
5709725,0.898,0.815,2
5735762,0.873,0.856,3
5791986,0.812,0.878,2
5792202,0.817,0.926,3
5794379,0.686,0.670,2
5794570,0.905,0.983,2
5809890,0.766,0.807,2
5856571,1.673,0.819,2
5866724,1.424,1.231,3
5880320,1.458,0.960,4
5881813,1.453,0.932,2
5903749,0.986,0.861,2
5941160,0.915,0.878,2
5942808,0.823,0.790,2
5956342,1.067,0.881,4
5956656,1.107,0.933,2
5959719,0.769,0.793,2
5965819,1.496,1.072,3
5966154,1.179,1.164,2
5972334,0.887,0.874,3
5978559,1.081,1.135,2
6020753,0.680,0.750,2
6021193,1.391,1.173,3
6021275,1.101,0.929,4
6026438,0.706,0.704,2
6026737,1.339,1.016,2
6029239,0.881,0.979,2
6037581,1.272,1.088,3
6041734,1.466,0.998,2
6058816,2.481,1.408,2
6062088,1.085,0.972,3
6103377,1.513,1.120,2
6105462,1.262,1.011,2
6152974,0.864,0.811,2
6196457,1.670,1.142,2
6209677,0.917,0.928,2
6221385,1.485,1.098,3
6266741,1.032,1.086,2
6268648,1.308,0.974,3
6276791,0.864,0.961,2
6278762,0.721,0.692,5
6289257,1.031,1.027,2
6345732,1.291,1.084,2
6347299,1.198,0.976,2
6359320,0.921,1.016,3
6381846,0.943,0.914,2
6382217,0.539,0.552,2
6383785,1.216,1.032,2
6422155,1.054,0.964,4
6425957,0.553,0.570,2
6428700,0.826,0.785,2
6436029,0.833,0.800,2
6442340,1.143,0.982,3
6451936,0.935,0.793,2
6462863,1.331,1.106,4
6467363,0.848,0.781,2
6508221,0.738,0.826,3
6520753,0.810,0.864,2
6521045,1.474,1.050,3
6525946,8.769,0.763,3
6527078,0.774,0.848,2
6528464,1.423,0.911,2
6541920,1.046,0.921,6
6543893,1.797,1.294,3
6587002,0.770,0.805,3
6587280,0.826,0.927,2
6607286,1.233,0.979,2
6607357,1.104,0.946,2
6616218,0.886,0.978,2
6678383,1.005,0.913,3
6685609,1.555,1.181,3
6690082,1.080,0.926,2
6696580,1.049,1.107,3
6697605,0.966,0.877,2
6705026,1.668,1.296,2
6716545,1.424,1.128,3
6768394,1.307,0.973,3
6779260,0.831,0.878,2
6786037,1.247,1.018,3
6849310,0.927,0.956,3
6850504,0.925,0.876,5
6867555,1.125,1.207,2
6871071,1.515,1.024,4
6878240,0.757,0.782,2
6932987,0.941,1.038,2
6936909,0.986,1.093,2
6946199,0.850,0.886,2
6948054,0.787,0.823,4
6949061,1.374,1.054,2
6949607,0.570,0.586,2
6962977,0.808,0.821,5
6975129,1.149,1.226,2
7017274,2.335,1.556,2
7021681,0.511,0.531,2
7040629,1.499,1.213,4
7047922,1.175,1.064,2
7050989,1.303,1.193,2
7100673,1.065,0.933,5
7102227,0.755,0.840,3
7102316,0.846,0.910,3
7106173,1.084,1.131,3
7107802,1.151,0.936,2
7109675,0.930,0.882,2
7115785,0.914,0.904,2
7119481,0.964,1.041,3
7132798,0.830,0.928,2
7134976,0.833,0.793,2
7175184,1.431,1.072,2
7183745,0.831,0.791,2
7202957,0.902,0.987,2
7207061,0.806,0.897,2
7219825,1.216,1.013,3
7256914,1.308,0.965,2
7265298,1.069,1.002,2
7269974,1.089,0.929,2
7285757,0.732,0.776,2
7287995,0.633,0.640,3
7289317,1.008,0.932,2
7289338,1.492,1.088,2
7303287,1.115,0.998,3
7366258,0.929,0.915,4
7373451,0.750,0.789,2
7375348,1.292,1.140,2
7376983,0.714,0.799,4
7419318,0.795,0.814,2
7434875,0.779,0.891,2
7440748,0.799,0.827,2
7445445,0.848,0.877,3
7447200,0.533,0.556,2
7449554,1.530,1.017,2
7455287,0.470,0.484,3
7509886,0.825,0.938,2
7512982,0.808,0.779,2
7515212,1.356,1.153,2
7517261,1.685,1.333,2
7582689,1.082,1.081,3
7595157,0.986,0.861,2
7603200,0.503,0.505,3
7604328,0.909,0.795,2
7609553,0.797,0.760,2
7620413,1.029,0.945,2
7626506,0.812,0.776,2
7663405,0.904,0.830,2
7673192,1.202,1.015,5
7673841,1.135,0.910,3
7678434,0.888,0.822,2
7703955,1.005,0.875,2
7747425,1.111,0.957,4
7765528,1.240,1.064,2
7778767,1.071,0.926,2
7825899,0.837,0.937,3
7831264,1.439,1.123,2
7841925,0.885,0.782,3
7869917,2.599,1.714,2
7870390,0.509,0.508,3
7871954,0.490,0.505,2
7898352,1.183,0.974,2
7906892,1.110,1.004,2
7907423,0.411,0.440,3
7908367,1.514,0.937,2
7939330,0.803,0.877,2
7977197,0.954,0.875,2
7983117,1.788,1.127,2
8008067,1.143,1.025,3
8008206,0.803,0.811,2
8013439,2.188,1.198,3
8017703,0.651,0.636,3
8022244,1.001,1.079,2
8022489,1.674,1.032,3
8037145,0.826,0.789,4
8056665,1.790,1.353,2
8077137,1.613,1.092,2
8105398,1.286,0.818,2
8120608,0.443,0.452,5
8121310,1.403,1.324,2
8150320,0.646,0.710,5
8158127,1.860,1.204,3
8162789,1.060,0.999,2
8164257,0.828,0.791,3
8167996,0.506,0.513,3
8168187,1.839,0.962,2
8193178,1.233,1.057,2
8212002,1.307,1.244,2
8216763,0.613,0.640,3
8218379,0.779,0.865,2
8222813,0.863,0.809,2
8226050,0.872,0.815,2
8226994,0.838,0.798,3
8230616,0.574,0.587,2
8240797,0.956,1.022,2
8240904,1.294,0.947,2
8247638,0.866,0.841,4
8257205,0.821,0.868,2
8261920,0.637,0.649,4
8277797,0.876,0.883,2
8280511,0.853,0.838,5
8292840,1.297,1.059,3
8331612,1.057,1.030,2
8332521,0.987,1.006,2
8344004,1.089,0.958,2
8355239,0.826,0.789,2
8394721,1.324,1.101,4
8395660,1.012,0.951,4
8410727,1.410,1.156,2
8463346,0.697,0.734,2
8478994,0.781,0.829,2
8480285,1.098,0.922,2
8490993,0.999,1.077,2
8494142,1.763,1.240,2
8505670,0.591,0.609,2
8505920,1.013,0.869,2
8544992,0.633,0.626,2
8552719,1.073,1.026,2
8557374,1.008,1.087,2
8558011,0.888,0.808,2
8559644,1.235,1.092,2
8561063,0.148,0.132,2
8564587,0.786,0.882,2
8564674,0.956,1.035,2
8581240,1.096,0.954,2
8609450,0.872,0.793,4
8611832,1.104,0.889,2
8612275,0.910,0.937,2
8613535,1.076,1.130,3
8616637,0.787,0.823,2
8628758,1.067,0.946,2
8630788,0.884,0.984,3
8644288,1.055,0.882,3
8644365,1.092,1.059,2
8678594,1.593,1.031,2
8680979,0.805,0.776,2
8689373,0.775,0.869,3
8692861,0.943,0.813,2
8709688,1.162,0.973,2
8733898,0.328,0.328,3
8738735,1.044,1.122,2
8753657,0.970,1.043,2
8753896,0.870,0.813,2
8760040,1.262,1.117,2
8773015,1.706,1.110,2
8804283,1.053,0.914,2
8804845,0.934,0.981,2
8806123,1.015,1.021,2
8822216,0.893,1.010,2
8827575,0.842,0.874,2
8838950,0.528,0.534,2
8874090,0.450,0.479,2
8883329,1.314,1.098,2
8890150,0.521,0.526,2
8890783,0.953,0.973,2
8934103,1.241,0.981,2
8950568,0.873,0.870,4
8962094,0.828,0.920,4
8972058,1.171,1.032,2
8978528,0.545,0.559,2
9002278,0.662,0.727,4
9002538,1.298,1.079,2
9006186,0.842,0.944,4
9006449,0.886,0.800,3
9020160,0.868,0.810,3
9026749,3.405,1.648,2
9071593,0.859,0.861,2
9092504,0.804,0.897,2
9093086,1.044,1.099,2
9100953,0.800,0.825,3
9101496,1.812,1.212,2
9117416,2.000,1.251,3
9141746,1.107,1.159,2
9146018,0.982,0.947,3
9205938,0.921,0.794,2
9209624,1.003,0.824,2
9230021,1.145,0.950,3
9285265,1.389,0.991,2
9334289,1.060,0.943,3
9334893,0.525,0.534,3
9347899,1.257,0.958,4
9349757,1.099,0.938,2
9351316,0.641,0.651,2
9364290,1.309,0.963,2
9388479,0.458,0.491,2
9411166,1.136,1.010,2
9412760,0.646,0.710,2
9413156,0.775,0.868,2
9415172,1.013,0.867,3
9451706,1.352,1.225,3
9455556,0.903,1.006,2
9458613,1.694,1.100,5
9466668,1.250,0.949,4
9471268,0.789,0.820,3
9471974,2.057,1.247,2
9474756,1.159,1.038,2
9475552,0.856,0.809,2
9480189,0.973,0.868,3
9489524,0.772,0.796,4
9517393,1.012,1.117,2
9518318,1.001,1.065,2
9529744,1.775,1.182,2
9530945,1.216,1.013,2
9579641,1.087,0.941,3
9590976,1.689,1.135,3
9597345,1.046,0.988,3
9602613,0.961,0.932,2
9605514,1.031,1.084,2
9634821,0.930,0.847,3
9636135,1.195,1.270,2
9650808,0.958,0.937,2
9655711,0.962,1.022,2
9718066,0.670,0.748,2
9730163,0.180,0.153,2
9757613,0.537,0.537,4
9758089,0.675,0.748,2
9775938,0.885,0.827,2
9782691,1.456,1.093,2
9787239,0.498,0.509,5
9821454,1.006,1.066,2
9823457,0.887,0.978,2
9823519,0.444,0.464,2
9828127,0.909,0.955,2
9836563,1.196,1.100,2
9837661,0.503,0.513,3
9839821,0.848,0.937,2
9872283,1.749,0.970,2
9873254,1.280,1.056,2
9880467,11.536,1.606,2
9881662,1.089,1.092,2
9883606,1.090,1.032,2
9884104,1.495,1.179,3
9886361,1.499,1.282,4
9892816,1.369,1.247,4
9896018,1.235,1.090,3
9896558,1.080,0.964,2
9904006,1.267,1.085,3
9909735,0.939,1.051,2
9941859,1.076,0.886,3
9946525,0.838,0.876,3
9947653,1.964,1.042,2
9950612,0.639,0.643,4
9958962,0.977,1.061,4
9962455,1.756,1.004,2
9963524,0.810,0.826,4
9967009,1.229,0.914,2
9967771,1.207,0.932,2
9973109,0.911,0.762,2
9995771,1.158,1.024,2
10000941,0.854,0.798,2
10002866,0.843,0.945,3
10004738,0.839,0.952,3
10005758,1.336,0.996,2
10019643,1.071,0.882,2
10027323,0.496,0.518,2
10028792,1.699,0.969,3
10055126,1.156,0.974,3
10122538,0.564,0.605,5
10130039,1.095,0.957,3
10136549,1.472,1.014,2
10141900,0.843,0.800,4
10157458,0.848,0.938,2
10166274,0.460,0.467,3
10187017,0.741,0.806,6
10189546,0.986,0.859,3
10227020,1.248,1.055,4
10252275,0.800,0.752,2
10253547,1.383,1.109,2
10265898,0.954,1.050,3
10271806,0.679,0.743,4
10272442,0.910,0.999,2
10285631,1.614,1.038,2
10290666,1.135,1.172,2
10328393,0.721,0.774,3
10337517,0.863,0.854,2
10340423,0.602,0.616,2
10350571,1.487,1.016,2
10358759,0.870,0.968,2
10386922,1.417,0.958,2
10397751,0.721,0.680,5
10404582,1.017,1.016,2
10426656,1.004,0.865,3
10460984,1.097,0.966,4
10468940,1.002,0.867,2
10471621,0.511,0.513,2
10489206,0.508,0.534,2
10513530,0.916,0.832,2
10538176,0.882,0.875,2
10552611,0.782,0.824,2
10554999,0.766,0.856,2
10577994,0.770,0.864,2
10586004,1.704,1.251,2
10587105,1.189,1.005,3
10600261,1.439,0.989,3
10601284,0.910,0.831,3
10610039,0.831,0.931,2
10656823,0.786,0.882,2
10657406,0.834,0.948,2
10662202,0.828,0.791,3
10670119,0.524,0.561,2
10717241,0.607,0.622,2
10723367,1.238,0.922,2
10723750,1.406,1.102,2
10730034,0.878,0.817,2
10788461,1.303,1.015,3
10793172,1.098,0.941,3
10797460,0.927,0.919,2
10843431,0.628,0.632,2
10843590,0.865,0.774,2
10858691,0.829,0.800,4
10864531,0.940,1.032,2
10872983,0.972,1.053,3
10875007,1.232,1.261,2
10875245,1.402,1.113,4
10878263,0.941,0.884,2
10905239,1.593,1.074,2
10910878,0.848,0.801,3
10916600,1.238,1.230,2
10925104,0.540,0.560,3
10933561,1.400,0.995,2
10937029,0.854,0.927,2
10964440,1.710,1.084,2
10973664,0.964,1.041,3
10973814,1.071,0.926,2
10978763,1.023,0.870,3
10982872,1.225,1.004,3
10984090,1.022,0.974,2
11014932,0.999,0.903,4
11018648,0.798,0.844,2
11030475,0.787,0.812,3
11037335,0.881,0.970,2
11069176,2.153,1.276,2
11071200,2.704,1.704,2
11074178,0.846,0.938,2
11080405,0.840,0.797,2
11081504,1.665,1.173,2
11090556,1.385,1.029,2
11121752,1.191,0.995,2
11122894,0.897,0.846,3
11125613,0.796,0.771,3
11125797,0.820,0.931,2
11129738,0.517,0.516,2
11135694,1.023,0.995,2
11153121,1.483,1.066,2
11176127,0.611,0.662,3
11192998,0.746,0.835,3
11253711,1.340,0.920,2
11253827,0.945,0.918,2
11284772,0.553,0.573,2
11288051,0.651,0.715,3
11295426,1.198,0.997,2
11308499,1.162,1.064,2
11337372,0.977,0.856,2
11358389,1.021,1.037,3
11360805,0.856,0.869,2
11361646,1.081,1.036,2
11389771,0.881,0.944,3
11401767,1.209,1.147,3
11442793,1.200,1.089,6
11450414,1.451,1.000,2
11497958,0.383,0.394,5
11512246,1.518,1.036,3
11521793,1.305,0.993,2
11547513,1.054,0.966,2
11551692,0.720,0.822,3
11560897,1.529,1.205,2
11566064,1.640,1.158,3
11568987,0.965,1.075,2
11601584,0.826,0.844,4
11618601,0.901,0.999,2
11657614,0.805,0.776,2
11669239,1.028,0.875,2
11705004,0.788,0.884,2
11709124,0.971,0.895,5
11709244,0.937,0.919,3
11752906,0.576,0.581,2
11754430,1.524,1.003,2
11754553,0.615,0.633,3
11773022,0.972,1.053,3
11807274,1.543,1.187,2
11810124,1.166,0.934,3
11823054,0.857,0.807,2
11853878,0.572,0.575,3
11918099,0.765,0.850,2
11967788,1.421,1.220,2
11968463,1.112,1.157,4
12058204,1.100,0.946,2
12058931,1.092,1.180,2
12066335,0.560,0.576,2
12068975,1.109,0.902,4
12116489,0.888,0.822,2
12120307,1.101,1.141,3
12154526,1.176,1.071,3
12206313,1.291,1.077,3
12208631,1.036,0.915,2
12252424,0.693,0.768,2
12256520,0.827,0.928,2
12266636,1.022,0.974,2
12301181,0.746,0.806,2
12302530,0.539,0.557,2
12306058,3.324,1.136,2
12314973,1.573,1.305,3
12366084,1.015,1.007,3
12406807,0.996,1.053,2
12470844,0.788,0.884,2
12600735,1.168,1.117,2
12785320,0.790,0.790,2
